SET1
SET1
SET1
DT[[6896 2180]
 [  16   42]]
NoneRF[[7725 1351]
 [   9   49]]
NoneADA[[7715 1361]
 [  14   44]]
NoneLOG[[8153  923]
 [  16   42]]
NoneKNN[[8178  898]
 [  18   40]]
NoneSVC[[7754 1322]
 [  17   41]]
NoneLGBM[[7783 1293]
 [   8   50]]
NoneCAT[[7875 1201]
 [  10   48]]
NoneMLP[[6320 2756]
 [  10   48]]
NoneXGB[[7728 1348]
 [   9   49]]
None------------------------------------------------------------
SET2
SET2
SET2
DT[[7212 1864]
 [  11   47]]
NoneRF[[7794 1282]
 [   7   51]]
NoneADA[[7710 1366]
 [  10   48]]
NoneLOG[[8255  821]
 [  13   45]]
NoneKNN[[8176  900]
 [  17   41]]
NoneSVC[[7765 1311]
 [  17   41]]
NoneLGBM[[7738 1338]
 [   8   50]]
NoneCAT[[7907 1169]
 [   7   51]]
NoneMLP[[7176 1900]
 [   7   51]]
NoneXGB[[7847 1229]
 [   9   49]]
None