SET1
SET1
SET1
DT
[[6980 2096]
 [  17   41]]
NoneRF
[[7626 1450]
 [   6   52]]
NoneADA
[[7715 1361]
 [  14   44]]
NoneLOG
[[8153  923]
 [  16   42]]
NoneKNN
[[8178  898]
 [  18   40]]
NoneSVC
[[7767 1309]
 [  17   41]]
NoneLGBM
[[7783 1293]
 [   8   50]]
NoneCAT
[[7875 1201]
 [  10   48]]
NoneMLP
[[7699 1377]
 [  15   43]]
NoneXGB
[[7728 1348]
 [   9   49]]
None------------------------------------------------------------
SET2
SET2
SET2
DT
[[7088 1988]
 [   9   49]]
NoneRF
[[7769 1307]
 [   5   53]]
NoneADA
[[7710 1366]
 [  10   48]]
NoneLOG
[[8255  821]
 [  13   45]]
NoneKNN
[[8176  900]
 [  17   41]]
NoneSVC
[[7780 1296]
 [  17   41]]
NoneLGBM
[[7738 1338]
 [   8   50]]
NoneCAT
[[7907 1169]
 [   7   51]]
NoneMLP
[[8174  902]
 [  15   43]]
NoneXGB
[[7847 1229]
 [   9   49]]
None